%filtro com janela Hamming
hamming = fir1(33,[10^-10, 0.2]);

hamming =

  Columns 1 through 9

   -0.0013   -0.0006    0.0008    0.0029    0.0053    0.0061    0.0033   -0.0045   -0.0157

  Columns 10 through 18

   -0.0257   -0.0274   -0.0138    0.0184    0.0665    0.1210    0.1688    0.1967    0.1967

  Columns 19 through 27

    0.1688    0.1210    0.0665    0.0184   -0.0138   -0.0274   -0.0257   -0.0157   -0.0045

  Columns 28 through 34

    0.0033    0.0061    0.0053    0.0029    0.0008   -0.0006   -0.0013
%filtro com janela kaiser
kaiser = kaiser(40,6.1816);
kaiser

kaiser =

    0.0126
    0.0278
    0.0494
    0.0783
    0.1150
    0.1598
    0.2128
    0.2734
    0.3408
    0.4138
    0.4908
    0.5697
    0.6483
    0.7243
    0.7952
    0.8586
    0.9123
    0.9544
    0.9834
    0.9981
    0.9981
    0.9834
    0.9544
    0.9123
    0.8586
    0.7952
    0.7243
    0.6483
    0.5697
    0.4908
    0.4138
    0.3408
    0.2734
    0.2128
    0.1598
    0.1150
    0.0783
    0.0494
    0.0278
    0.0126

    %filtro usando Parks McClellan
    
    f= [10^-10, 0.2, 0.4, 1];
    peso=[1, 1, 0, 0];
    parks = firpm(29,f,peso);
    
    parks =

  Columns 1 through 9

    0.0019    0.0005   -0.0033   -0.0072   -0.0051    0.0058    0.0185    0.0182   -0.0044

  Columns 10 through 18

   -0.0388   -0.0529   -0.0137    0.0844    0.2056    0.2893    0.2893    0.2056    0.0844

  Columns 19 through 27

   -0.0137   -0.0529   -0.0388   -0.0044    0.0182    0.0185    0.0058   -0.0051   -0.0072

  Columns 28 through 30

   -0.0033    0.0005    0.0019